18
19
226
282
428
583
631
781
858
992
1002
1011
1027
1039
1048
1054
1079
1087
1109
1118
1140
1161
1162
1182
1202
1213
1241
1252
1259
1260
1263
1265
1269
1271
1274
1282
1284
1287
1289
1293
1296
1298
1300
1302
1311
1313
1315
1319
1320
1330
1337
1341
1342
1356
1361
1363
1368
1376
1380
1385
1396
1399
1405
1411
1415
1429
1431
1432
1433
1436
1438
1441
1443
1444
1453
1455
1462
1466
1467
1469
1474
1476
1478
1491
1492
1494
1495
1500
1504
1507
1509
1514
1517
1521
1523
1529
1533
1534
1539
1543
1544
1545
1551
1555
1556
1558
1559
1560
1564
1565
1577
1587
1591
1593
1597
1611
1619
1620
1623
1624
1626
1628
1630
1631
1635
1637
1639
1641
1643
1645
1646
1656
1657
1659
1661
1665
1675
1676
1679
1680
1682
1683
1684
1687
1688
1692
1702
1703
1711
1713
1719
1722
1723
1726
1735
1742
1746
1748
1757
1763
1765
1767
1774
1784
1790
1806
1817
1822
1836
1837
1838
1845
1849
1870
1872
1876
1884
1885
1897
1899
1903
1913
1920
1926
1930
1932
1939
1941
1950
1952
1964
1970
1976
1985
1987
1993
1997
1999
2003
2004
